19071
19072
19075
19074
19076
19073
19081
19082
19078
19079
19083
19084
19085
19086
19080
19087
19088
19089
34948
35938
34952
34947
34951
34949
34950
35939
34964
34961
34958
35940
35941
34962
34965
34959
35942
34963
34960
34966
35943
34975
34976
34973
34974
34977
34978
34979
51282
51278
51283
51277
51273
51272
51284
51267
51279
51274
51266
51280
51275
51285
51268
51269
51276
51286
51281
51270
51290
51291
51292
51293
51294
51295
51296
84372
84374
84373
84371
84647
84644
84648
84645
84649
84646
85523
85526
85525
85524
85531
85532
85528
85527
85533
85534
85529
85535
85536
85530
112288
112283
112282
112287
112284
112289
112290
112285
112291
112286
112320
112321
112322
112323
112328
112329
112324
112325
112331
112330
112326
112332
112334
112327
130617
130618
130623
130622
130619
130632
130633
130624
130628
130627
130634
130625
130620
130630
130635
130629
130621
130626
130631
130636
130679
130678
130680
130681
130686
130687
130682
130683
130689
130688
130684
130690
130691
130685
167348
167349
167351
167352
167353
167354
167355
167350
167356
167357
167358
167359
167360
167361
167362
167363
167364
167365
167366
167367
167368
167369
167370
167371
167372
167373
167374
167375
167391
167392
167393
173215
173214
173216
173217
173218
173219
173220
173221
173222
173223
183944
183945
183946
183947
183948
183949
183950
183951
183952
183953
184037
184039
184040
184041
184042
184043
184044
184045
184046
184047
184048
184049
184050
184051
184038
184052
184053
184054
184055
184056
184057
184058
184059
184060
184061
213193
213194
213195
213196
213200
213199
213197
213201
213202
213198
183774
183775
183776
183777
183778
183779
183780
183781
183782
183783
183785
183786
183787
183788
183789
183791
183792
183793
183794
183795
183796
183797
183798
183799
183800
183801
183802
183803
183804
183805
183807
183808
183809
183810
183811
183812
183813
183814
183815
183816
184032
184033
184034
184035
184036
189050
189051
189052
189053
189057
189056
189054
189058
189059
189055
184456
184457
184458
184459
184460
184461
184462
184463
184465
184466
184467
184468
184469
184470
184471
184472
184473
184474
184475
184476
184477
184478
184479
184480
184481
184482
184483
184484
184485
184486
184488
184489
184490
184491
184492
184493
184494
184495
184496
184497
184498
184499
184500
184501
184502
184513
184514
184515
184516
184518
184517
184519
184520
184521
184522
220297
220296
220292
220290
220298
220293
220299
220294
220300
220295
220444
220443
220442
220441
220450
220449
220446
220445
220451
220452
220447
220453
220454
220448
232729
232731
232730
232732
232733
232734
232736
232737
232735
235363
235364
235365
235366
235367
235371
235372
235368
237266
237267
237268
237269
237270
237271
237272
237273
237274
219595
219596
219594
219598
219597
219599
219601
219600
221176
221177
221178
221179
221180
221181
221183
221182
221837
221838
221839
221840
221841
221842
221844
221843
222364
222367
222365
222368
222366
222369
222530
222531
222532
235566
235567
235568
235569
235552
235553
235554
235555
235560
235561
235556
235557
235562
235563
235558
235564
235565
235559
247100
247101
247087
247086
247102
247094
247093
247088
247075
247076
247095
247103
247089
247077
247078
247096
247104
247090
247079
247098
248270
248271
248272
248273
248278
248279
248274
248275
248281
248280
248276
248282
248283
248277
295605
295606
295610
295611
295615
295608
295613
295607
295612
295617
295609
295614
295619
307572
307573
307574
303087
303088
303086
298687
298688
298692
298693
298697
298690
298695
298689
298694
298698
298691
298696
298699
298830
298831
298832
298833
298834
298835
297401
297402
297406
297407
297412
297403
297404
297408
297409
297414
297416
297405
297410
307567
307565
307564
303093
303094
303095
296735
296745
296730
296731
296736
296747
296738
296737
296733
296732
296749
296734
296739
297254
297253
297255
297256
297257
297258
312765
312766
312767
312768
312798
312797
312800
312799
312803
312802
312777
312776
312778
312780
312781
312779
314301
314302
314303
314304
314305
314306
314307
314308
314309
314310
314311
314312
314313
314314
314315
314316
314317
314318
314319
314320
314321
314322
314323
314324
314325
314326
314327
314328
314329
314330
329907
329908
329909
329910
329912
329911
329913
329914
314622
314623
314624
314625
314626
314628
314629
314630
314631
314632
314634
314635
314636
314637
314638
314639
314640
314641
314642
314643
314644
314645
314646
314647
314648
314650
314651
314652
314653
314654
337407
337408
337409
337410
337411
337413
337414
337412
318911
318913
318914
318915
318916
318917
318918
318919
318920
318921
318922
318923
318924
318925
318926
318927
318928
318929
318930
318931
318932
318933
318934
318935
318936
318937
318938
318939
318940
318941
341816
341817
341818
341819
341820
341822
341823
341821
319765
319766
319767
319768
319769
319770
319771
319772
319773
319774
319775
319776
319777
319778
319779
319780
319781
319782
319783
319784
319785
319786
319787
319788
319789
319790
319791
319792
319793
319794
342356
342357
342358
342359
342360
342361
342362
342363